Type|Date|Time|Number|GrossWeight|TareWeight|NetWeight|GrossBushels|MoistureLevel|MoistureLevelDockage|ForeignMaterial|ForeignMaterialDockage|NetBushels

Wheat|20170618|111400|42093|32303.|10780.|21523.00|358.72|14.60|3.95|0.99|3.55|351.22

Wheat|20170619|115500|42113|32307.|10780.|21527.00|358.78|14.00|1.79|0.94|3.37|353.62

Wheat|20170619|124600|42118|32339.|10775.|21564.00|359.40|13.40|-0.36|0.32|1.15|358.61

Wheat|20170619|133300|42126|32444.|10770.|21674.00|361.23|12.90|-2.17|0.37|1.34|362.06

Wheat|20170619|141500|42133|32636.|10765.|21871.00|364.52|12.50|-3.65|0.54|1.97|366.19

Wheat|20170619|150400|42149|32857.|10760.|22097.00|368.28|12.10|-5.16|0.83|3.06|370.38

Wheat|20170619|155800|42171|32816.|10750.|22066.00|367.77|11.70|0.00|0.43|1.58|366.19

Wheat|20170619|164700|42195|32786.|10745.|22041.00|367.35|11.60|0.00|0.95|3.49|363.86

Wheat|20170620|124500|42219|32572.|10780.|21792.00|363.20|12.00|-5.45|0.02|0.07|368.58

Wheat|20170620|133400|42230|30600.|10775.|19825.00|330.42|13.30|-0.66|0.43|1.42|329.66

Wheat|20170620|142000|42242|32407.|10770.|21637.00|360.62|13.10|-1.44|0.94|3.39|358.67

Wheat|20170620|145800|42258|32654.|10765.|21889.00|364.82|12.30|-4.38|0.99|3.61|365.58

Wheat|20170620|153600|42278|33112.|10760.|22352.00|372.53|11.50|0.00|0.73|2.72|369.81

Wheat|20170620|161300|42298|33319.|10750.|22569.00|376.15|11.00|0.00|0.63|2.37|373.78

Wheat|20170620|170100|42328|33949.|10745.|23204.00|386.73|10.80|0.00|0.00|0.00|386.73

Wheat|20170620|180300|42369|34436.|10735.|23701.00|395.02|10.80|0.00|0.61|2.41|392.61

Wheat|20170621|113000|42407|33692.|10780.|22912.00|381.87|11.50|0.00|0.81|3.09|378.77

Wheat|20170621|122500|42419|33467.|10775.|22692.00|378.20|11.20|0.00|0.63|2.38|375.82

Wheat|20170621|131100|42435|33245.|10770.|22475.00|374.58|10.90|0.00|0.39|1.46|373.12

Wheat|20170621|135500|42460|32859.|10765.|22094.00|368.23|10.50|0.00|0.29|1.07|367.17

Wheat|20170621|144300|42485|33073.|10760.|22313.00|371.88|10.20|0.00|0.99|3.68|368.20

Wheat|20170621|155600|42506|33002.|10750.|22252.00|370.87|10.20|0.00|0.02|0.07|370.79

Wheat|20170621|165000|42527|33207.|10745.|22462.00|374.37|10.20|0.00|0.08|0.30|374.07

Wheat|20170621|173300|42536|21958.|10735.|11223.00|187.05|10.20|0.00|0.50|0.94|186.11

Wheat|20170621|182500|42400|23778.|10730.|13048.00|217.47|11.00|0.00|0.21|0.46|217.01

Wheat|20170622|133000|42581|32417.|10780.|21637.00|360.62|11.10|0.00|0.30|1.08|359.53

Wheat|20170623|111000|42761|31941.|10775.|21166.00|352.77|12.70|-2.82|0.04|0.14|355.45

Wheat|20170623|112400|42755|31821.|10780.|21041.00|350.68|13.20|-1.05|0.43|1.51|350.23

Wheat|20170623|120300|42781|32310.|10770.|21540.00|359.00|12.60|-3.23|0.51|1.83|360.40

Wheat|20170623|125400|42792|32520.|10765.|21755.00|362.58|12.40|-3.99|0.85|3.08|363.49

Wheat|20170623|134600|42815|32632.|10760.|21872.00|364.53|12.10|-5.10|0.48|1.75|367.89

Wheat|20170623|143200|42833|31985.|10750.|21235.00|353.92|11.70|0.00|0.86|3.04|350.87

Wheat|20170623|152600|42855|32896.|10745.|22151.00|369.18|11.40|0.00|0.66|2.44|366.75

Wheat|20170623|164700|42879|32711.|10735.|21976.00|366.27|11.30|0.00|0.05|0.18|366.08

Wheat|20170624|122400|42898|33033.|10780.|22253.00|370.88|11.70|0.00|0.75|2.78|368.10

Wheat|20170624|133600|42909|32841.|10775.|22066.00|367.77|12.50|-3.68|0.44|1.62|369.83

Wheat|20170624|140300|42929|33449.|10770.|22679.00|377.98|12.30|-4.54|0.48|1.81|380.70

Wheat|20170624|145200|42945|32907.|10765.|22142.00|369.03|12.00|-5.54|0.50|1.85|372.72

Wheat|20170624|153600|42978|22984.|10760.|12224.00|203.73|11.20|0.00|0.86|1.75|201.98

Wheat|20170624|161500|42968|30035.|10750.|19285.00|321.42|11.40|0.00|0.22|0.71|320.71

Soybean|20170924|132400|43771|31474.|10780.|20694.00|344.90|10.60|0.00|0.65|2.24|342.66

Soybean|20170928|130100|43814|31959.|10780.|21179.00|352.98|10.70|0.00|0.84|2.97|350.02

Soybean|20170929|140200|43899|30972.|10780.|20192.00|336.53|12.30|-4.04|0.36|1.21|339.36

Soybean|20171002|124400|44170|30460.|10780.|19680.00|328.00|12.90|-1.97|0.61|2.00|327.97

Soybean|20171002|134100|44223|31119.|10775.|20344.00|339.07|11.40|0.00|0.31|1.05|338.02

Soybean|20171002|143500|44269|31596.|10770.|20826.00|347.10|11.90|0.00|0.89|3.09|344.01

Soybean|20171003|131900|44338|27894.|10780.|17114.00|285.23|16.10|7.42|0.64|1.83|275.99

Soybean|20171013|125400|44586|30927.|10780.|20147.00|335.78|12.10|-4.70|0.63|2.12|338.37

Soybean|20171013|134600|44642|30215.|10775.|19440.00|324.00|13.70|0.65|0.11|0.36|323.00

Soybean|20171017|141500|44838|31277.|10780.|20497.00|341.62|11.60|0.00|0.18|0.61|341.00

Soybean|20171017|153300|44873|31432.|10775.|20657.00|344.28|11.90|0.00|0.86|2.96|341.32

Soybean|20171018|130700|44983|16540.|10780.|5760.00|96.00|11.10|0.00|0.35|0.34|95.66

Soybean|20171018|135600|45011|30746.|10775.|19971.00|332.85|11.40|0.00|0.86|2.86|329.99

Soybean|20171018|144400|45038|31103.|10770.|20333.00|338.88|11.10|0.00|0.36|1.22|337.66

Soybean|20171018|153300|45057|30829.|10765.|20064.00|334.40|10.80|0.00|0.22|0.74|333.66

Soybean|20171018|161300|45090|31266.|10760.|20506.00|341.77|10.50|0.00|0.81|2.77|339.00

Soybean|20171019|133400|45164|31484.|10780.|20704.00|345.07|10.40|0.00|0.79|2.73|342.34

Soybean|20171019|142400|45182|31714.|10775.|20939.00|348.98|12.00|-5.23|0.66|2.30|351.91

Soybean|20171019|151300|45201|31452.|10770.|20682.00|344.70|11.50|0.00|0.98|3.38|341.32

Soybean|20171019|160400|45226|32145.|10765.|21380.00|356.33|11.00|0.00|0.56|2.00|354.34

Soybean|20171023|131400|45813|32130.|10780.|21350.00|355.83|10.70|0.00|0.61|2.17|353.66

Soybean|20171023|140200|45862|28248.|10775.|17473.00|291.22|10.20|0.00|0.99|2.88|288.33

Soybean|20171024|132500|46000|31442.|10780.|20662.00|344.37|9.70|0.00|0.88|3.03|341.34

Soybean|20171024|141400|46036|27261.|10775.|16486.00|274.77|9.20|0.00|0.89|2.45|272.32

Soybean|20171030|122500|46587|29283.|10780.|18503.00|308.38|14.30|2.47|0.84|2.59|303.33

Soybean|20171030|131400|46624|29482.|10775.|18707.00|311.78|13.90|1.25|0.69|2.15|308.38

Soybean|20171030|140300|46656|29913.|10770.|19143.00|319.05|12.70|-2.55|0.33|1.05|320.55

Soybean|20171031|124800|46717|28529.|10780.|17749.00|295.82|15.40|5.62|0.16|0.47|289.72

Grain Sorghum|20171102|132400|46831|31328.|10780.|20548.00|366.93|14.60|4.04|0.31|1.14|361.75

Grain Sorghum|20171103|122200|46857|32966.|10780.|22186.00|396.18|14.50|3.96|0.80|3.17|389.05

Grain Sorghum|20171103|132000|46866|32054.|10775.|21279.00|379.98|15.20|6.46|0.89|3.38|370.14

Grain Sorghum|20171103|154000|46864|31694.|10770.|20924.00|373.64|14.90|5.23|0.03|0.11|368.30

Grain Sorghum|20171104|124500|46901|31670.|10780.|20890.00|373.04|15.00|5.60|0.21|0.78|366.66

Grain Sorghum|20171104|135000|46918|32044.|10775.|21269.00|379.80|15.80|8.74|0.21|0.80|370.27

Grain Sorghum|20171104|143500|46929|31520.|10770.|20750.00|370.54|15.40|7.04|0.13|0.48|363.01

Grain Sorghum|20171106|121000|MV21177|31341.|10780.|20561.00|367.16|15.00|5.51|0.08|0.29|361.36

Grain Sorghum|20171106|134500|MV21178|53672.|10775.|42897.00|766.02|15.10|12.26|0.78|5.97|747.79

Grain Sorghum|20171106|142000|MV21180|32057.|10770.|21287.00|380.12|15.20|6.46|0.56|2.13|371.53

Grain Sorghum|20171106|145500|46969|32695.|10765.|21930.00|391.61|15.00|5.87|0.45|1.76|383.97

Grain Sorghum|20171106|152500|46976|32734.|10760.|21974.00|392.39|14.70|4.71|0.95|3.73|383.96

Grain Sorghum|20171106|162500|MV21188|31593.|10750.|20843.00|372.20|14.70|4.47|0.22|0.82|366.91

Grain Sorghum|20171106|165500|MV21193|32296.|10745.|21551.00|384.84|14.60|4.23|0.09|0.35|380.26

Grain Sorghum|20171106|180000|MV21200|32302.|10735.|21567.00|385.12|14.90|5.39|0.12|0.46|379.27

Grain Sorghum|20171106|182500|MV21205|33542.|10730.|22812.00|407.36|15.00|6.11|0.33|1.34|399.90

Grain Sorghum|20171106|191000|47204|32333.|10720.|21613.00|385.95|15.00|5.79|0.02|0.08|380.08

Grain Sorghum|20171106|193500|47030|32864.|10715.|22149.00|395.52|15.10|6.33|0.12|0.47|388.71

Grain Sorghum|20171106|200000|MV21221|56649.|10710.|45939.00|820.34|14.80|10.66|0.95|7.79|801.88

Grain Sorghum|20171106|202500|MV21225|32317.|10705.|21612.00|385.93|14.90|5.40|0.97|3.74|376.78

Grain Sorghum|20171108|134000|47067|32736.|10780.|21956.00|392.07|14.50|3.92|0.23|0.90|387.25

Grain Sorghum|20171108|143200|MV21230|32769.|10775.|21994.00|392.75|14.60|4.32|0.98|3.85|384.58

Grain Sorghum|20171108|151300|MV21235|55547.|10770.|44777.00|799.59|14.30|6.40|0.08|0.64|792.55

Grain Sorghum|20171108|160100|MV21239|33168.|10765.|22403.00|400.05|14.00|2.00|0.80|3.20|394.85

Grain Sorghum|20171108|164700|MV21244|55763.|10760.|45003.00|803.62|14.20|5.63|0.88|7.07|790.93

Grain Sorghum|20171109|122400|47102|32394.|10780.|21614.00|385.96|14.10|2.32|0.31|1.20|382.45

Grain Sorghum|20171109|133600|47114|32591.|10775.|21816.00|389.57|14.20|2.73|0.18|0.70|386.14

Grain Sorghum|20171109|140300|47119|56164.|10770.|45394.00|810.61|14.00|4.05|0.22|1.78|804.77

Grain Sorghum|20171109|145200|MV21255|29680.|10765.|18915.00|337.77|14.20|2.36|0.23|0.78|334.63

Soybean|20171113|134900|47225|29844.|10780.|19064.00|317.73|13.50|0.00|0.40|1.27|316.46

Soybean|20171113|143500|47229|22646.|10775.|11871.00|197.85|12.00|-2.97|0.93|1.84|198.98

Soybean|20171116|151400|47251|29205.|10780.|18425.00|307.08|15.70|6.76|0.49|1.50|298.82

Soybean|20171116|160100|47253|26552.|10775.|15777.00|262.95|15.40|5.00|0.92|2.42|255.53

Soybean|20171117|130900|47256|15444.|10780.|4664.00|77.73|18.40|3.81|0.66|0.51|73.41

Soybean|20171117|140800|47260|29436.|10775.|18661.00|311.02|15.10|4.98|0.97|3.02|303.02
